44,35
10,210
10,66
10,288
10,174
10,122
10,158
10,212
11,4
8,6
8,10
8,15
42,4
42,3
42,2
42,1
42,0
27,3
27,2
27,1
27,0
21,3
21,1
20,3
20,2
20,1
19,3
19,2
19,1
12,3
12,2
12,1
11,27
11,26
11,25
11,24
11,23
11,22
11,21
11,20
11,19
11,18
11,16
11,14
11,12
11,10
11,8
11,6
11,3
11,2
11,1
10,306
18,1
10,294
10,278
18,3
10,272
10,268
10,214
10,198
10,184
10,176
13,1
10,172
13,3
10,168
10,90
10,22
10,3
10,2
10,1
9,7
9,6
9,4
9,3
9,2
9,1
8,18
8,17
8,16
8,13
8,12
8,9
8,8
8,7
8,5
8,3
8,2
8,1
3,3
3,2
3,1
2,2
2,3
2,1
0,472
0,386
0,278
0,243
0,0
14,1
14,3
0,9
44,34
44,33
44,32
